Ch1	1	0	1500000
Ch2	3	0	1500000
Ch3	1	0	1500000
Ch4	1	0	1500000
Ch5	4	0	1500000
Ch6	1	0	1500000
Ch7	1	0	1500000
Ch1	5	1500000	3e+06
Ch2	4	1500000	3e+06
Ch3	1	1500000	3e+06
Ch4	3	1500000	3e+06
Ch5	2	1500000	3e+06
Ch7	3	1500000	3e+06
Ch1	1	3e+06	4500000
Ch2	2	3e+06	4500000
Ch5	3	3e+06	4500000
Ch6	1	3e+06	4500000
Ch7	11	3e+06	4500000
Ch2	5	4500000	6e+06
Ch3	4	4500000	6e+06
Ch5	4	4500000	6e+06
Ch6	1	4500000	6e+06
Ch7	1	4500000	6e+06
Ch1	4	6e+06	7500000
Ch2	3	6e+06	7500000
Ch5	1	6e+06	7500000
Ch6	3	6e+06	7500000
Ch7	3	6e+06	7500000
Ch1	3	7500000	9e+06
Ch2	2	7500000	9e+06
Ch3	1	7500000	9e+06
Ch5	3	7500000	9e+06
Ch7	5	7500000	9e+06
Ch2	10	9e+06	10500000
Ch5	1	9e+06	10500000
Ch7	2	9e+06	10500000
Ch1	4	10500000	1.2e+07
Ch2	2	10500000	1.2e+07
Ch4	2	10500000	1.2e+07
Ch5	1	10500000	1.2e+07
Ch1	2	1.2e+07	13500000
Ch2	4	1.2e+07	13500000
Ch4	2	1.2e+07	13500000
Ch5	6	1.2e+07	13500000
Ch7	1	1.2e+07	13500000
Ch1	1	13500000	1.5e+07
Ch2	4	13500000	1.5e+07
Ch3	1	13500000	1.5e+07
Ch4	1	13500000	1.5e+07
Ch5	2	13500000	1.5e+07
Ch1	1	1.5e+07	16500000
Ch2	2	1.5e+07	16500000
Ch5	2	1.5e+07	16500000
Ch7	2	1.5e+07	16500000
Ch2	1	16500000	1.8e+07
Ch5	2	16500000	1.8e+07
Ch7	2	16500000	1.8e+07
Ch1	2	1.8e+07	19500000
Ch3	1	1.8e+07	19500000
Ch5	1	1.8e+07	19500000
Ch1	1	19500000	2.1e+07
Ch3	1	19500000	2.1e+07
Ch5	1	19500000	2.1e+07
Ch7	1	2.1e+07	22500000
Ch4	1	22500000	2.4e+07
Ch1	1	2.4e+07	25500000
Ch2	1	2.4e+07	25500000
Ch3	1	2.4e+07	25500000
Ch4	5	2.4e+07	25500000
Ch7	1	2.4e+07	25500000
Ch2	6	25500000	2.7e+07
Ch5	1	25500000	2.7e+07
Ch6	1	25500000	2.7e+07
Ch3	1	2.7e+07	28500000
Ch4	3	2.7e+07	28500000
Ch5	1	2.7e+07	28500000
Ch6	2	2.7e+07	28500000
Ch1	1	28500000	3e+07
Ch3	1	28500000	3e+07
Ch4	1	28500000	3e+07
Ch1	1	3e+07	31500000
Ch3	2	3e+07	31500000
Ch5	1	3e+07	31500000
Ch1	1	31500000	3.3e+07
Ch5	2	31500000	3.3e+07
Ch6	1	31500000	3.3e+07
Ch2	1	3.3e+07	34500000
Ch5	2	3.3e+07	34500000
Ch6	2	3.3e+07	34500000
Ch7	1	3.3e+07	34500000
Ch2	1	34500000	3.6e+07
Ch3	4	34500000	3.6e+07
Ch2	1	3.6e+07	37500000
Ch3	3	3.6e+07	37500000
Ch4	1	3.6e+07	37500000
Ch5	3	3.6e+07	37500000
Ch7	2	3.6e+07	37500000
Ch2	2	37500000	3.9e+07
Ch3	3	37500000	3.9e+07
Ch4	6	37500000	3.9e+07
Ch5	1	37500000	3.9e+07
Ch7	2	37500000	3.9e+07
Ch1	1	3.9e+07	40500000
Ch6	1	3.9e+07	40500000
Ch7	1	3.9e+07	40500000
Ch1	1	40500000	4.2e+07
Ch2	3	40500000	4.2e+07
Ch4	1	4.2e+07	43500000
Ch5	1	4.2e+07	43500000
Ch3	1	43500000	4.5e+07
Ch4	1	43500000	4.5e+07
Ch3	1	4.5e+07	46500000
Ch7	1	4.5e+07	46500000
Ch3	2	46500000	4.8e+07
Ch6	2	46500000	4.8e+07
Ch3	3	4.8e+07	49500000
Ch2	1	49500000	5.1e+07
Ch3	3	49500000	5.1e+07
Ch5	1	49500000	5.1e+07
Ch3	2	5.1e+07	52500000
Ch4	3	5.1e+07	52500000
Ch1	1	52500000	5.4e+07
Ch3	1	52500000	5.4e+07
Ch4	1	52500000	5.4e+07
Ch5	1	52500000	5.4e+07
Ch6	1	52500000	5.4e+07
Ch1	2	5.4e+07	55500000
Ch3	2	5.4e+07	55500000
Ch3	4	55500000	5.7e+07
Ch3	5	5.7e+07	58500000
Ch5	1	5.7e+07	58500000
Ch3	5	58500000	6e+07
Ch4	1	58500000	6e+07
Ch5	1	58500000	6e+07
Ch2	2	61500000	6.3e+07
Ch4	1	6.3e+07	64500000
Ch7	2	6.3e+07	64500000
Ch2	1	64500000	6.6e+07
Ch3	1	64500000	6.6e+07
Ch2	3	6.6e+07	67500000
Ch3	4	6.6e+07	67500000
Ch4	1	6.6e+07	67500000
Ch2	1	67500000	6.9e+07
Ch3	3	67500000	6.9e+07
Ch6	1	67500000	6.9e+07
Ch3	3	6.9e+07	70500000
Ch5	1	6.9e+07	70500000
Ch3	2	70500000	7.2e+07
Ch3	3	7.2e+07	73500000
Ch4	1	7.2e+07	73500000
Ch2	1	73500000	7.5e+07
Ch3	1	7.5e+07	76500000
Ch7	1	7.5e+07	76500000
Ch2	3	76500000	7.8e+07
Ch2	1	7.8e+07	79500000
Ch3	5	7.8e+07	79500000
Ch4	1	7.8e+07	79500000
Ch7	1	7.8e+07	79500000
Ch3	3	79500000	8.1e+07
Ch3	2	8.1e+07	82500000
Ch3	2	82500000	8.4e+07
Ch5	1	82500000	8.4e+07
Ch2	1	8.4e+07	85500000
Ch2	1	8.7e+07	88500000
Ch2	1	88500000	9e+07
Ch1	1	9e+07	91500000
Ch4	1	9e+07	91500000
Ch3	1	9.3e+07	94500000
Ch7	1	9.3e+07	94500000
Ch2	1	94500000	9.6e+07
Ch3	1	94500000	9.6e+07
Ch6	1	94500000	9.6e+07
Ch7	1	94500000	9.6e+07
Ch6	1	9.6e+07	97500000
Ch7	4	9.6e+07	97500000
Ch3	1	97500000	9.9e+07
Ch6	2	97500000	9.9e+07
Ch2	1	9.9e+07	1e+08
Ch5	1	1e+08	1.02e+08
Ch4	2	1.02e+08	1.04e+08
Ch4	3	1.05e+08	1.06e+08
Ch7	2	1.05e+08	1.06e+08
Ch1	1	1.08e+08	1.1e+08
Ch4	1	1.08e+08	1.1e+08
Ch2	1	1.1e+08	1.11e+08
Ch3	1	1.1e+08	1.11e+08
Ch1	1	1.11e+08	1.12e+08
Ch5	2	1.11e+08	1.12e+08
Ch5	1	1.12e+08	1.14e+08
Ch7	2	1.12e+08	1.14e+08
Ch2	1	1.14e+08	1.16e+08
Ch7	2	1.14e+08	1.16e+08
Ch3	1	1.17e+08	1.18e+08
Ch1	1	1.18e+08	1.2e+08
Ch5	1	1.18e+08	1.2e+08
Ch6	1	1.2e+08	1.22e+08
Ch5	1	1.22e+08	1.23e+08
Ch5	1	1.23e+08	1.24e+08
Ch1	1	1.24e+08	1.26e+08
Ch3	1	1.26e+08	1.28e+08
Ch5	2	1.26e+08	1.28e+08
Ch6	2	1.28e+08	1.29e+08
Ch5	1	1.29e+08	1.3e+08
Ch7	1	1.29e+08	1.3e+08
Ch2	2	1.3e+08	1.32e+08
Ch3	1	1.3e+08	1.32e+08
Ch5	2	1.3e+08	1.32e+08
Ch1	1	1.32e+08	1.34e+08
Ch4	2	1.32e+08	1.34e+08
Ch5	1	1.32e+08	1.34e+08
Ch1	1	1.34e+08	1.35e+08
Ch2	1	1.34e+08	1.35e+08
Ch7	1	1.34e+08	1.35e+08
Ch2	1	1.36e+08	1.38e+08
Ch3	1	1.36e+08	1.38e+08
Ch7	1	1.38e+08	1.4e+08
Ch1	1	1.4e+08	1.41e+08
Ch3	1	1.4e+08	1.41e+08
Ch4	2	1.41e+08	1.42e+08
Ch6	1	1.41e+08	1.42e+08
Ch6	1	1.42e+08	1.44e+08
Ch3	1	1.44e+08	1.46e+08
Ch5	1	1.44e+08	1.46e+08
Ch6	1	1.44e+08	1.46e+08
Ch2	1	1.46e+08	1.47e+08
Ch4	2	1.46e+08	1.47e+08
Ch6	1	1.46e+08	1.47e+08
Ch4	2	1.47e+08	1.48e+08
Ch2	1	1.48e+08	1.5e+08
Ch3	1	1.5e+08	1.52e+08
Ch4	1	1.5e+08	1.52e+08
Ch5	1	1.5e+08	1.52e+08
Ch3	4	1.52e+08	1.53e+08
Ch5	1	1.53e+08	1.54e+08
Ch3	2	1.54e+08	1.56e+08
Ch5	1	1.54e+08	1.56e+08
Ch3	1	1.56e+08	1.58e+08
Ch2	1	1.58e+08	1.59e+08
Ch3	2	1.58e+08	1.59e+08
Ch7	1	1.59e+08	1.6e+08
Ch2	3	1.6e+08	1.62e+08
Ch7	1	1.6e+08	1.62e+08
Ch2	2	1.62e+08	1.64e+08
Ch6	2	1.62e+08	1.64e+08
Ch6	2	1.64e+08	1.65e+08
Ch2	1	1.65e+08	1.66e+08
Ch2	1	1.66e+08	1.68e+08
Ch3	1	1.68e+08	1.7e+08
Ch6	1	1.68e+08	1.7e+08
Ch6	1	1.7e+08	1.71e+08
Ch3	1	1.71e+08	1.72e+08
Ch2	2	1.72e+08	1.74e+08
Ch4	1	1.72e+08	1.74e+08
Ch5	1	1.76e+08	1.77e+08
Ch6	2	1.76e+08	1.77e+08
Ch2	1	1.77e+08	1.78e+08
Ch1	1	1.78e+08	1.8e+08
Ch2	2	1.78e+08	1.8e+08
Ch4	4	1.78e+08	1.8e+08
Ch2	2	1.8e+08	1.82e+08
Ch2	2	1.82e+08	1.83e+08
Ch7	2	1.82e+08	1.83e+08
Ch2	1	1.83e+08	1.84e+08
Ch2	1	1.84e+08	1.86e+08
Ch7	1	1.84e+08	1.86e+08
Ch3	1	1.86e+08	1.88e+08
Ch4	1	1.88e+08	1.89e+08
Ch3	1	1.89e+08	1.9e+08
Ch1	1	1.9e+08	1.92e+08
Ch2	1	1.9e+08	1.92e+08
Ch3	2	1.9e+08	1.92e+08
Ch1	1	1.92e+08	1.94e+08
Ch2	1	1.92e+08	1.94e+08
Ch3	1	1.94e+08	1.95e+08
Ch5	1	1.94e+08	1.95e+08
Ch6	4	1.94e+08	1.95e+08
Ch3	3	1.95e+08	1.96e+08
Ch3	1	1.98e+08	2e+08
Ch4	1	1.98e+08	2e+08
Ch2	2	2e+08	2.01e+08
Ch5	1	2.01e+08	2.02e+08
Ch2	3	2.02e+08	2.04e+08
Ch2	1	2.04e+08	2.06e+08
Ch3	1	2.04e+08	2.06e+08
Ch5	1	2.04e+08	2.06e+08
Ch7	1	2.06e+08	2.07e+08
Ch3	2	2.07e+08	2.08e+08
Ch6	1	2.07e+08	2.08e+08
Ch3	2	2.08e+08	2.1e+08
Ch5	2	2.08e+08	2.1e+08
Ch1	1	2.1e+08	2.12e+08
Ch2	1	2.1e+08	2.12e+08
Ch6	3	2.12e+08	2.13e+08
Ch2	1	2.13e+08	2.14e+08
Ch3	4	2.14e+08	2.16e+08
Ch3	1	2.16e+08	2.18e+08
Ch4	1	2.18e+08	2.19e+08
Ch4	1	2.19e+08	2.2e+08
Ch6	1	2.19e+08	2.2e+08
Ch7	1	2.19e+08	2.2e+08
Ch3	3	2.2e+08	2.22e+08
Ch6	1	2.2e+08	2.22e+08
Ch7	1	2.2e+08	2.22e+08
Ch3	1	2.22e+08	2.24e+08
Ch6	1	2.22e+08	2.24e+08
Ch2	1	2.24e+08	2.25e+08
Ch7	1	2.24e+08	2.25e+08
Ch5	1	2.25e+08	2.26e+08
Ch6	2	2.25e+08	2.26e+08
Ch2	1	2.26e+08	2.28e+08
Ch7	2	2.26e+08	2.28e+08
Ch3	1	2.28e+08	2.3e+08
Ch4	1	2.28e+08	2.3e+08
Ch6	1	2.3e+08	2.31e+08
Ch7	1	2.3e+08	2.31e+08
Ch1	1	2.34e+08	2.36e+08
Ch5	2	2.36e+08	2.37e+08
Ch1	1	2.38e+08	2.4e+08
Ch3	1	2.4e+08	2.42e+08
Ch4	1	2.4e+08	2.42e+08
Ch6	1	2.4e+08	2.42e+08
Ch3	1	2.42e+08	2.43e+08
Ch4	1	2.42e+08	2.43e+08
Ch5	1	2.43e+08	2.44e+08
Ch7	1	2.43e+08	2.44e+08
Ch6	1	2.44e+08	2.46e+08
Ch1	1	2.46e+08	2.48e+08
Ch6	4	2.48e+08	2.49e+08
Ch7	1	2.48e+08	2.49e+08
Ch2	1	2.49e+08	2.5e+08
Ch3	1	2.49e+08	2.5e+08
Ch6	1	2.49e+08	2.5e+08
Ch3	1	2.5e+08	2.52e+08
Ch7	1	2.5e+08	2.52e+08
Ch1	1	2.52e+08	2.54e+08
Ch2	1	2.54e+08	2.55e+08
Ch3	1	2.54e+08	2.55e+08
Ch3	1	2.55e+08	2.56e+08
Ch6	1	2.55e+08	2.56e+08
Ch7	2	2.55e+08	2.56e+08
Ch1	1	2.56e+08	2.58e+08
Ch2	2	2.56e+08	2.58e+08
Ch3	1	2.56e+08	2.58e+08
Ch4	1	2.56e+08	2.58e+08
Ch7	1	2.56e+08	2.58e+08
Ch3	1	2.58e+08	2.6e+08
Ch7	1	2.58e+08	2.6e+08
Ch3	1	2.61e+08	2.62e+08
Ch4	1	2.62e+08	2.64e+08
Ch1	1	2.67e+08	2.68e+08
Ch3	2	2.67e+08	2.68e+08
Ch7	1	2.68e+08	2.7e+08
Ch3	2	2.7e+08	2.72e+08
Ch4	1	2.7e+08	2.72e+08
Ch1	1	2.72e+08	2.73e+08
Ch3	1	2.72e+08	2.73e+08
Ch6	1	2.72e+08	2.73e+08
Ch7	1	2.72e+08	2.73e+08
Ch2	1	2.73e+08	2.74e+08
Ch3	1	2.73e+08	2.74e+08
Ch7	2	2.73e+08	2.74e+08
Ch3	1	2.74e+08	2.76e+08
Ch6	1	2.74e+08	2.76e+08
Ch7	1	2.74e+08	2.76e+08
Ch3	1	2.76e+08	2.78e+08
Ch4	1	2.76e+08	2.78e+08
Ch4	2	2.78e+08	2.79e+08
Ch6	1	2.78e+08	2.79e+08
Ch7	1	2.78e+08	2.79e+08
Ch6	1	2.79e+08	2.8e+08
Ch3	1	2.8e+08	2.82e+08
Ch4	1	2.8e+08	2.82e+08
Ch1	1	2.82e+08	2.84e+08
Ch3	3	2.82e+08	2.84e+08
Ch2	1	2.84e+08	2.85e+08
Ch3	4	2.84e+08	2.85e+08
Ch6	2	2.84e+08	2.85e+08
Ch4	1	2.85e+08	2.86e+08
Ch2	1	2.86e+08	2.88e+08
Ch6	3	2.86e+08	2.88e+08
Ch7	2	2.86e+08	2.88e+08
Ch3	3	2.88e+08	2.9e+08
Ch3	1	2.9e+08	2.91e+08
Ch3	1	2.91e+08	2.92e+08
Ch4	1	2.91e+08	2.92e+08
Ch2	1	2.92e+08	2.94e+08
Ch4	4	2.92e+08	2.94e+08
Ch6	8	2.92e+08	2.94e+08
Ch7	1	2.92e+08	2.94e+08
Ch1	2	2.94e+08	2.96e+08
Ch3	1	2.94e+08	2.96e+08
Ch4	1	2.96e+08	2.97e+08
Ch3	1	2.97e+08	2.98e+08
Ch4	1	2.97e+08	2.98e+08
Ch4	3	3e+08	3.02e+08
Ch1	11	3.02e+08	3.03e+08
Ch4	1	3.02e+08	3.03e+08
Ch6	2	3.02e+08	3.03e+08
Ch1	2	3.03e+08	3.04e+08
Ch2	1	3.04e+08	3.06e+08
Ch3	1	3.04e+08	3.06e+08
Ch1	3	3.08e+08	3.09e+08
Ch3	1	3.08e+08	3.09e+08
Ch5	1	3.08e+08	3.09e+08
Ch3	1	3.09e+08	3.1e+08
Ch7	1	3.09e+08	3.1e+08
Ch7	1	3.1e+08	3.12e+08
Ch6	1	3.15e+08	3.16e+08
Ch2	1	3.18e+08	3.2e+08
Ch4	1	3.18e+08	3.2e+08
Ch5	1	3.18e+08	3.2e+08
Ch2	1	3.2e+08	3.21e+08
Ch3	3	3.2e+08	3.21e+08
Ch1	3	3.21e+08	3.22e+08
Ch6	2	3.21e+08	3.22e+08
Ch1	1	3.22e+08	3.24e+08
Ch4	2	3.24e+08	3.26e+08
Ch6	1	3.24e+08	3.26e+08
Ch1	2	3.26e+08	3.27e+08
Ch3	3	3.26e+08	3.27e+08
Ch4	2	3.26e+08	3.27e+08
Ch5	1	3.26e+08	3.27e+08
Ch4	5	3.27e+08	3.28e+08
Ch3	1	3.28e+08	3.3e+08
Ch4	1	3.28e+08	3.3e+08
Ch1	1	3.3e+08	3.32e+08
Ch4	2	3.3e+08	3.32e+08
Ch4	2	3.32e+08	3.33e+08
Ch6	1	3.32e+08	3.33e+08
Ch1	1	3.33e+08	3.34e+08
Ch5	1	3.33e+08	3.34e+08
Ch2	1	3.34e+08	3.36e+08
Ch3	2	3.34e+08	3.36e+08
Ch6	5	3.34e+08	3.36e+08
Ch7	1	3.34e+08	3.36e+08
Ch1	3	3.36e+08	3.38e+08
Ch6	4	3.36e+08	3.38e+08
Ch3	2	3.38e+08	3.39e+08
Ch6	1	3.38e+08	3.39e+08
Ch1	1	3.39e+08	3.4e+08
Ch2	2	3.39e+08	3.4e+08
Ch2	1	3.4e+08	3.42e+08
Ch3	2	3.4e+08	3.42e+08
Ch6	1	3.4e+08	3.42e+08
Ch7	1	3.4e+08	3.42e+08
Ch1	1	3.42e+08	3.44e+08
Ch2	2	3.42e+08	3.44e+08
Ch3	1	3.42e+08	3.44e+08
Ch2	3	3.44e+08	3.45e+08
Ch3	1	3.44e+08	3.45e+08
Ch5	1	3.44e+08	3.45e+08
Ch7	1	3.44e+08	3.45e+08
Ch1	4	3.45e+08	3.46e+08
Ch6	1	3.45e+08	3.46e+08
Ch1	2	3.46e+08	3.48e+08
Ch5	3	3.46e+08	3.48e+08
Ch6	1	3.46e+08	3.48e+08
Ch5	1	3.48e+08	3.5e+08
Ch1	1	3.5e+08	3.51e+08
Ch4	1	3.5e+08	3.51e+08
Ch6	1	3.51e+08	3.52e+08
Ch3	1	3.52e+08	3.54e+08
Ch5	1	3.52e+08	3.54e+08
Ch6	1	3.52e+08	3.54e+08
Ch4	1	3.54e+08	3.56e+08
Ch1	2	3.57e+08	3.58e+08
Ch3	1	3.57e+08	3.58e+08
Ch6	1	3.57e+08	3.58e+08
Ch7	1	3.57e+08	3.58e+08
Ch1	1	3.58e+08	3.6e+08
Ch4	1	3.58e+08	3.6e+08
Ch3	3	3.6e+08	3.62e+08
Ch6	1	3.6e+08	3.62e+08
Ch3	1	3.62e+08	3.63e+08
Ch4	1	3.62e+08	3.63e+08
Ch7	1	3.62e+08	3.63e+08
Ch1	1	3.63e+08	3.64e+08
Ch5	2	3.63e+08	3.64e+08
Ch7	2	3.63e+08	3.64e+08
Ch2	1	3.64e+08	3.66e+08
Ch4	1	3.64e+08	3.66e+08
Ch2	1	3.66e+08	3.68e+08
Ch4	2	3.66e+08	3.68e+08
Ch6	1	3.66e+08	3.68e+08
Ch7	1	3.66e+08	3.68e+08
Ch2	1	3.68e+08	3.69e+08
Ch6	1	3.68e+08	3.69e+08
Ch3	1	3.69e+08	3.7e+08
Ch6	1	3.69e+08	3.7e+08
Ch2	1	3.7e+08	3.72e+08
Ch4	2	3.7e+08	3.72e+08
Ch4	1	3.72e+08	3.74e+08
Ch4	1	3.74e+08	3.75e+08
Ch3	3	3.75e+08	3.76e+08
Ch5	2	3.75e+08	3.76e+08
Ch1	1	3.76e+08	3.78e+08
Ch3	2	3.76e+08	3.78e+08
Ch4	1	3.76e+08	3.78e+08
Ch6	1	3.76e+08	3.78e+08
Ch4	7	3.78e+08	3.8e+08
Ch1	1	3.8e+08	3.81e+08
Ch4	1	3.8e+08	3.81e+08
Ch5	2	3.8e+08	3.81e+08
Ch4	1	3.81e+08	3.82e+08
Ch5	1	3.81e+08	3.82e+08
Ch6	2	3.81e+08	3.82e+08
Ch1	1	3.82e+08	3.84e+08
Ch3	2	3.82e+08	3.84e+08
Ch4	2	3.82e+08	3.84e+08
Ch6	1	3.82e+08	3.84e+08
Ch6	1	3.84e+08	3.86e+08
Ch7	1	3.84e+08	3.86e+08
Ch4	1	3.86e+08	3.87e+08
Ch1	1	3.87e+08	3.88e+08
Ch4	1	3.87e+08	3.88e+08
Ch5	2	3.87e+08	3.88e+08
Ch6	1	3.87e+08	3.88e+08
Ch7	1	3.87e+08	3.88e+08
Ch5	1	3.88e+08	3.9e+08
Ch7	1	3.88e+08	3.9e+08
Ch1	1	3.9e+08	3.92e+08
Ch3	1	3.9e+08	3.92e+08
Ch5	1	3.9e+08	3.92e+08
Ch1	2	3.92e+08	3.93e+08
Ch2	1	3.92e+08	3.93e+08
Ch6	1	3.92e+08	3.93e+08
Ch3	1	3.93e+08	3.94e+08
Ch5	2	3.93e+08	3.94e+08
Ch6	1	3.93e+08	3.94e+08
Ch7	3	3.93e+08	3.94e+08
Ch1	1	3.94e+08	3.96e+08
Ch2	1	3.94e+08	3.96e+08
Ch4	1	3.94e+08	3.96e+08
Ch4	1	3.96e+08	3.98e+08
Ch5	1	3.96e+08	3.98e+08
Ch2	1	3.98e+08	3.99e+08
Ch3	1	3.98e+08	3.99e+08
Ch4	1	3.98e+08	3.99e+08
Ch5	1	3.98e+08	3.99e+08
Ch4	1	3.99e+08	4e+08
Ch3	1	4.02e+08	4.04e+08
Ch4	1	4.02e+08	4.04e+08
Ch2	1	4.04e+08	4.05e+08
Ch4	2	4.04e+08	4.05e+08
Ch6	3	4.04e+08	4.05e+08
Ch4	1	4.05e+08	4.06e+08
Ch2	1	4.06e+08	4.08e+08
Ch3	2	4.06e+08	4.08e+08
Ch2	1	4.08e+08	4.1e+08
Ch3	1	4.08e+08	4.1e+08
Ch4	1	4.08e+08	4.1e+08
Ch5	1	4.08e+08	4.1e+08
Ch6	2	4.08e+08	4.1e+08
Ch1	1	4.1e+08	4.11e+08
Ch3	1	4.11e+08	4.12e+08
Ch4	1	4.11e+08	4.12e+08
Ch6	2	4.11e+08	4.12e+08
Ch7	1	4.11e+08	4.12e+08
Ch1	1	4.12e+08	4.14e+08
Ch3	1	4.12e+08	4.14e+08
Ch5	1	4.12e+08	4.14e+08
Ch6	2	4.12e+08	4.14e+08
Ch4	1	4.14e+08	4.16e+08
Ch5	1	4.14e+08	4.16e+08
Ch3	1	4.16e+08	4.17e+08
Ch5	2	4.16e+08	4.17e+08
Ch6	1	4.16e+08	4.17e+08
Ch3	1	4.17e+08	4.18e+08
Ch5	1	4.17e+08	4.18e+08
Ch6	2	4.17e+08	4.18e+08
Ch5	2	4.18e+08	4.2e+08
Ch6	1	4.18e+08	4.2e+08
Ch4	2	4.22e+08	4.23e+08
Ch3	2	4.23e+08	4.24e+08
Ch3	2	4.24e+08	4.26e+08
Ch4	1	4.26e+08	4.28e+08
Ch7	1	4.28e+08	4.29e+08
Ch2	1	4.29e+08	4.3e+08
Ch5	1	4.29e+08	4.3e+08
Ch4	1	4.3e+08	4.32e+08
Ch5	12	4.3e+08	4.32e+08
Ch1	2	4.32e+08	4.34e+08
Ch4	3	4.32e+08	4.34e+08
Ch5	3	4.32e+08	4.34e+08
Ch4	1	4.34e+08	4.35e+08
Ch5	1	4.35e+08	4.36e+08
Ch1	3	4.36e+08	4.38e+08
Ch2	1	4.36e+08	4.38e+08
Ch4	2	4.36e+08	4.38e+08
Ch5	2	4.36e+08	4.38e+08
Ch4	3	4.38e+08	4.4e+08
Ch5	9	4.38e+08	4.4e+08
Ch7	1	4.38e+08	4.4e+08
Ch1	2	4.4e+08	4.41e+08
Ch4	6	4.4e+08	4.41e+08
Ch5	1	4.4e+08	4.41e+08
Ch7	1	4.42e+08	4.44e+08
Ch2	1	4.44e+08	4.46e+08
Ch4	1	4.44e+08	4.46e+08
Ch2	2	4.46e+08	4.47e+08
Ch4	1	4.46e+08	4.47e+08
Ch5	1	4.46e+08	4.47e+08
Ch2	1	4.47e+08	4.48e+08
Ch4	1	4.47e+08	4.48e+08
Ch2	1	4.48e+08	4.5e+08
Ch5	1	4.48e+08	4.5e+08
Ch1	1	4.5e+08	4.52e+08
Ch5	4	4.5e+08	4.52e+08
Ch2	2	4.52e+08	4.53e+08
Ch5	2	4.53e+08	4.54e+08
Ch7	1	4.53e+08	4.54e+08
Ch1	1	4.54e+08	4.56e+08
Ch5	1	4.54e+08	4.56e+08
Ch2	1	4.56e+08	4.58e+08
Ch5	2	4.56e+08	4.58e+08
Ch4	2	4.58e+08	4.59e+08
Ch1	1	4.6e+08	4.62e+08
Ch4	1	4.6e+08	4.62e+08
Ch5	1	4.6e+08	4.62e+08
Ch5	3	4.62e+08	4.64e+08
Ch7	1	4.64e+08	4.65e+08
Ch4	1	4.65e+08	4.66e+08
Ch7	2	4.65e+08	4.66e+08
Ch4	2	4.66e+08	4.68e+08
Ch5	2	4.68e+08	4.7e+08
Ch7	1	4.68e+08	4.7e+08
Ch4	1	4.7e+08	4.71e+08
Ch7	1	4.7e+08	4.71e+08
Ch4	1	4.71e+08	4.72e+08
Ch5	6	4.71e+08	4.72e+08
Ch5	1	4.72e+08	4.74e+08
Ch7	1	4.72e+08	4.74e+08
Ch2	2	4.74e+08	4.76e+08
Ch4	1	4.74e+08	4.76e+08
Ch5	3	4.74e+08	4.76e+08
Ch4	2	4.76e+08	4.77e+08
Ch4	1	4.78e+08	4.8e+08
Ch4	1	4.8e+08	4.82e+08
Ch7	2	4.8e+08	4.82e+08
Ch4	1	4.82e+08	4.83e+08
Ch7	1	4.82e+08	4.83e+08
Ch1	1	4.84e+08	4.86e+08
Ch2	1	4.86e+08	4.88e+08
Ch7	1	4.86e+08	4.88e+08
Ch1	3	4.88e+08	4.89e+08
Ch1	1	4.89e+08	4.9e+08
Ch7	1	4.89e+08	4.9e+08
Ch7	2	4.9e+08	4.92e+08
Ch7	1	4.92e+08	4.94e+08
Ch1	1	4.94e+08	4.95e+08
Ch2	1	4.94e+08	4.95e+08
Ch7	1	4.95e+08	4.96e+08
Ch7	1	4.96e+08	4.98e+08
Ch7	1	4.98e+08	5e+08
Ch1	2	5e+08	5.01e+08
Ch1	1	5.02e+08	5.04e+08
Ch7	3	5.02e+08	5.04e+08
Ch7	1	5.06e+08	5.07e+08
Ch2	4	5.07e+08	5.08e+08
Ch7	1	5.07e+08	5.08e+08
Ch2	1	5.08e+08	5.1e+08
Ch7	1	5.1e+08	5.12e+08
Ch1	1	5.12e+08	5.13e+08
Ch7	3	5.14e+08	5.16e+08
Ch1	1	5.18e+08	5.19e+08
Ch7	1	5.18e+08	5.19e+08
Ch7	1	5.19e+08	5.2e+08
Ch7	2	5.2e+08	5.22e+08
Ch1	3	5.22e+08	5.24e+08
Ch2	1	5.22e+08	5.24e+08
Ch1	3	5.24e+08	5.25e+08
Ch7	1	5.24e+08	5.25e+08
Ch2	1	5.25e+08	5.26e+08
Ch7	3	5.25e+08	5.26e+08
Ch7	2	5.26e+08	5.28e+08
Ch2	1	5.3e+08	5.31e+08
Ch1	1	5.31e+08	5.32e+08
Ch1	1	5.32e+08	5.34e+08
Ch1	1	5.34e+08	5.36e+08
Ch2	1	5.34e+08	5.36e+08
Ch1	1	5.37e+08	5.38e+08
Ch2	2	5.37e+08	5.38e+08
Ch2	1	5.4e+08	5.42e+08
Ch2	1	5.42e+08	5.43e+08
Ch2	2	5.44e+08	5.46e+08
Ch2	2	5.46e+08	5.48e+08
Ch2	1	5.54e+08	5.55e+08
Ch2	2	5.56e+08	5.58e+08
Ch2	1	5.72e+08	5.73e+08
Ch2	2	5.76e+08	5.78e+08
Ch2	2	5.78e+08	5.79e+08
Ch2	2	5.79e+08	5.8e+08
Ch2	1	5.82e+08	5.84e+08
Ch2	1	5.86e+08	5.88e+08
Ch2	1	5.88e+08	5.9e+08
Ch2	1	5.9e+08	5.91e+08
Ch2	2	5.94e+08	5.96e+08
Ch2	1	6e+08	6.02e+08
Ch2	1	6.02e+08	6.03e+08
Ch2	1	6.04e+08	6.06e+08
Ch2	2	6.06e+08	6.08e+08
Ch2	1	6.08e+08	6.09e+08
Ch2	3	6.09e+08	6.1e+08
Ch2	1	6.1e+08	6.12e+08
Ch2	2	6.12e+08	6.14e+08
